986
982
1011
1029
1007
1008
1001
976
1019
979
1021
1032
1021
965
994
1017
989
1014
1011
986
1021
1017
984
1019
1012
1016
991
994
958
999
988
1000
1013
986
989
998
970
993
1008
967
994
1018
970
1009
1003
1002
998
1024
988
993
1004
986
996
994
995
1028
994
1003
1016
1003
1004
976
972
1010
987
1035
993
1002
998
1030
975
987
994
997
970
1025
1018
1005
1027
998
1014
1003
1017
1008
1003
1017
1008
963
996
1042
1003
1009
979
1001
973
956
1031
995
985
974
1006
1030
956
998
1039
1010
978
981
998
1034
997
1030
973
1022
982
992
1016
994
1036
995
1021
1024
1045
984
1009
969
1011
984
976
1058
1005
1043
983
1001
995
1066
1003
1019
1003
1007
1013
977
971
946
1000
1028
1006
1008
989
1000
1008
1018
991
992
1010
1004
1018
988
1010
1016
1008
981
1003
1024
985
1013
1013
989
1011
988
989
1002
1006
1022
1011
994
994
1011
980
975
987
991
980
1002
998
1009
1015
1016
959
957
1031
1035
983
951
1018
999
988
964
1001
985
1004
983
1003
1026
996
1022
1057
984
997
1006
967
999
1024
983
984
997
986
1001
1017
1005
1019
1011
947
981
1025
977
1034
992
984
952
981
1012
960
1002
986
967
1001
1018
996
981
982
986
1023
1033
978
994
1040
1001
979
970
985
1012
988
996
1001
1006
987
989
1000
1016
975
997
1015
991
991
1038
1008
1016
1027
969
995
998
1035
1007
967
999
1052
990
1012
1009
975
980
1014
951
1073
993
971
1008
1024
992
1011
981
1043
975
991
1028
1014
1002
1005
1012
983
1036
982
1019
971
991
1011
1006
988
1015
1005
995
1015
1002
977
995
946
994
1018
987
1009
1009
958
1001
1021
985
981
1009
991
1016
1001
986
1013
1008
1027
1000
1025
1004
1020
999
991
976
987
1013
1059
990
1020
992
985
1018
1034
1027
960
1053
1003
1008
997
1047
1017
994
964
992
978
1003
987
998
1025
1013
983
977
994
961
1029
994
1042
1006
980
1037
997
1010
1014
970
1010
1004
1031
1016
1002
1004
1025
963
995
990
980
1023
1018
1012
1010
991
983
1001
